12345678903412342021011520201001          1674016740000000000000000000000000000000           0651     20210115000003000000000                 000000000000000                 000000000000000                 00000000000000000000000000000000000000000000000000000000000000000000000000000000000000000000000  0000TC01
12345678903412342021022020210215          1674016740000000000000000000000000000000           0652     20210220000001000000000                 000000000000000                 000000000000000                 00000000000000000000000000000000000000000000000000000000000000000000000000000000000000000000000  0000TC02
12345678903412342021031020210308          1674016740000000000000000000000000000000           0655     20210310000000500000000                 000000000000000                 000000000000000                 00000000000000000000000000000000000000000000000000000000000000000000000000000000000000000000000  0000TC03
12345678903412342021040120210325          1674016740000000000000000000000000000000           0656     20210401000000700000000                 000000000000000                 000000000000000                 00000000000000000000000000000000000000000000000000000000000000000000000000000000000000000000000  0000TC04
12345678903412342021050120210101          1674016740000000000000000000000000000000          10651     20210501000002000000000                 000000000000000                 000000000000000                 00000000000000000000000000000000000000000000000000000000000000000000000000000000000000000000000  0000TC05-QIP
98765432103412352020031520200101          3561435614000000000000000000000000000000           0651     20200315000001500000000                 000000000000000                 000000000000000                 00000000000000000000000000000000000000000000000000000000000000000000000000000000000000000000000  0000TC06-20
12345678903412342021060120210101          1674016740000000000000000008100000000000           0651     20210601000002500000000                 000000000000000                 000000000000000                 00000000000000000000000000000000000000000000000000000000000000000000000000000000000000000000000  0000TC07-SIA
12345678903412342021011520210110          1674016740000000000000000000000000000000           0651     20210115000150000000000                 000000000000000                 000000000000000                 00000000000000000000000000000000000000000000000000000000000000000000000000000000000000000000000  0000TC08
12345678903412342021011520210110          1674016740000000000000000000000000000000           0651     202101150000010000000000652     20210115000150000000000                 000000000000000                 00000000000000000000000000000000000000000000000000000000000000000000000000000000000000000000000  0000TC08B
12345678903412342005011520050115          6740 6740 000000000000000000000000000000                            0000000000000000652     20050115000000500000000                 000000000000000                 00000000000000000000000000000000000000000000000000000000000000000000000000000000000000000000000  0000TC09
12345678903412342021011520210110          1674016740000000000000000000000000000000           0651     20210115000001000000000                 000000000000000                 000000000000000                 00000000000000000000000000000000000000000000000000000000000000000000000000000000000000000000000  0000TC10
12345678903412342021011520210110          1674016740000000000000100000000000000000           0651     20210115000000500000000                 000000000000000                 000000000000000                 00000000000000000000000000000000000000000000000000000000000000000000000000000000000000000000000  0000TC11
12345678903412342021031520210119          1674016740000000000000000000000000000000           0651     20210315000001000000000                 000000000000000                 000000000000000                 00000000000000000000000000000000000000000000000000000000000000000000000000000000000000000000000  0000TC12
12345678903412342021031520210119          1674016740000000000000000008120000000000           0651     20210315000001000000000                 000000000000000                 000000000000000                 00000000000000000000000000000000000000000000000000000000000000000000000000000000000000000000000  0000TC13-SIA
12345678903412342021022020210215          1674016740000000000000000000000000000000           0652     20210220000004000000000                 000000000000000                 000000000000000                 00000000000000000000000000000000000000000000000000000000000000000000000000000000000000000000000  0000TC14-CHC
12345678903412342021022020210215          1674016740000000000000000000000000000000           0652     20210220000003200000000                 000000000000000                 000000000000000                 00000000000000000000000000000000000000000000000000000000000000000000000000000000000000000000000  0000TC15-CH=
12345678903412342021022020210215          1674016740000000000000000000000000000000           0652     20210220000003100000000                 000000000000000                 000000000000000                 00000000000000000000000000000000000000000000000000000000000000000000000000000000000000000000000  0000TC16-CH<
12345678903412342021011520210110          1674016740000000000000000000000000000000          10652     20210115000004000000000                 000000000000000                 000000000000000                 00000000000000000000000000000000000000000000000000000000000000000000000000000000000000000000000  0000TC17-QCH
12345678903412342021011520210110          1674016740000000000000000000000000000000          10655     20210115000000500000000                 000000000000000                 000000000000000                 00000000000000000000000000000000000000000000000000000000000000000000000000000000000000000000000  0000TC18-QIR
12345678903412342021011520210110          1674016740000000000000000000000000000000          10656     20210115000000300000000                 000000000000000                 000000000000000                 00000000000000000000000000000000000000000000000000000000000000000000000000000000000000000000000  0000TC19-QGI
12345678903412342021011520210110          1674016740000000000000000008120000000000          10651     20210115000000500000000                 000000000000000                 000000000000000                 00000000000000000000000000000000000000000000000000000000000000000000000000000000000000000000000  0000TC20-QSI
12345678903412342021011520210110          1674016740000000000000000020161500000000           0651     20210115000001000000000                 000000000000000                 000000000000000                 00000000000000000000000000000000000000000000000000000000000000000000000000000000000000000000000  0000TC21-CAP
12345678903412342021011520210110          1674016740000000000000000008080808080808           0651     20210115000000700000000                 000000000000000                 000000000000000                 00000000000000000000000000000000000000000000000000000000000000000000000000000000000000000000000  0000TC22-7DY
12345678903412342021011520201001          1674016740000000000000000000000000000000           0651     202101150000030000000000652     202101150000040000000000655     202101150000005000000000656     2021011500000030000000000000000000000000000000000000000000000000000000000000000000000000000000000000000  0000TC23-MLT
12345678903412342014011520140115          1674016740000000000000000000000000000000           0651     20140115000001000000000                 000000000000000                 000000000000000                 00000000000000000000000000000000000000000000000000000000000000000000000000000000000000000000000  0000TC24-14
12345678903412342014011520140115          1674016740000000000000000000000000000000          10651     20140115000001000000000                 000000000000000                 000000000000000                 00000000000000000000000000000000000000000000000000000000000000000000000000000000000000000000000  0000TC25-14Q
12345678903412342015011520150115          1674016740000000000000000000000000000000          10651     20150115000001000000000                 000000000000000                 000000000000000                 00000000000000000000000000000000000000000000000000000000000000000000000000000000000000000000000  0000TC26-15Q
55555555553412362015123120151225          1018010180000000000000000000000000000000           0651     20151231000001000000000                 000000000000000                 000000000000000                 00000000000000000000000000000000000000000000000000000000000000000000000000000000000000000000000  0000TC27A
55555555553412362016010120160101          1018010180000000000000000000000000000000           0651     20160101000000500000000                 000000000000000                 000000000000000                 00000000000000000000000000000000000000000000000000000000000000000000000000000000000000000000000  0000TC27B
12345678903412342006120120061201          1674016740000000000000000000000000000000           0652     20061201000001000000000                 000000000000000                 000000000000000                 00000000000000000000000000000000000000000000000000000000000000000000000000000000000000000000000  0000TC28A
12345678903412342007010120070101          1674016740000000000000000000000000000000           0652     20070101000001000000000                 000000000000000                 000000000000000                 00000000000000000000000000000000000000000000000000000000000000000000000000000000000000000000000  0000TC28B
12345678903412342001031520010315          6740 6740 000000000000000000000000000000           0651     20010315000000500000000                 000000000000000                 000000000000000                 00000000000000000000000000000000000000000000000000000000000000000000000000000000000000000000000  0000TC29A
12345678903412342001040120010401          6740 6740 000000000000000000000000000000           0651     20010401000000500000000                 000000000000000                 000000000000000                 00000000000000000000000000000000000000000000000000000000000000000000000000000000000000000000000  0000TC29B
12345678903412341999011519990115          6740 6740 000000000000000000000000000000           0651     19990115000000500000000                 000000000000000                 000000000000000                 00000000000000000000000000000000000000000000000000000000000000000000000000000000000000000000000  0000TC30-98
12345678903412341999111519991115          6740 6740 000000000000000000000000000000           0652     19991115000001000000000                 000000000000000                 000000000000000                 00000000000000000000000000000000000000000000000000000000000000000000000000000000000000000000000  0000TC31-99C
12345678903412342003060120030601          6740 6740 000000000000000000000000000000           0655     20030601000000500000000                 000000000000000                 000000000000000                 00000000000000000000000000000000000000000000000000000000000000000000000000000000000000000000000  0000TC32-03I
12345678903412342008011520080115          1674016740000000000000000000000000000000           0651     20080115000001000000000                 000000000000000                 000000000000000                 00000000000000000000000000000000000000000000000000000000000000000000000000000000000000000000000  0000TC33-08
12345678903412342011100120111001          1674016740000000000000000000000000000000           0656     20111001000000500000000                 000000000000000                 000000000000000                 00000000000000000000000000000000000000000000000000000000000000000000000000000000000000000000000  0000TC34-11G
12345678903412342013101520131015          1674016740000000000000000000000000000000           0651     20131015000001000000000                 000000000000000                 000000000000000                 00000000000000000000000000000000000000000000000000000000000000000000000000000000000000000000000  0000TC35-13
55555555553412362015101520151015          1018010180000000000000000000000000000000           0651     20151015000001000000000                 000000000000000                 000000000000000                 00000000000000000000000000000000000000000000000000000000000000000000000000000000000000000000000  0000TC36-16
12345678903412342010011520100115          1674016740000000000000000000000000000000                            0000000000000000652     20100115000000000000000                 000000000000000                 00000000000000000000000000000000000000000000000000000000000000000000000000000000000000000000000  0000TC37-10Z
12345678903412342010011520100115          1674016740000000000000000000000000000000                            0000000000000000652     20100115000001600000000                 000000000000000                 00000000000000000000000000000000000000000000000000000000000000000000000000000000000000000000000  0000TC38-10L
12345678903412342010011520100115          1674016740000000000000000000000000000000                            0000000000000000652     20100115000003100000000                 000000000000000                 00000000000000000000000000000000000000000000000000000000000000000000000000000000000000000000000  0000TC39-10B
12345678903412342010011520100115          1674016740000000000000000000000000000000                            0000000000000000652     20100115000003200000000                 000000000000000                 00000000000000000000000000000000000000000000000000000000000000000000000000000000000000000000000  0000TC40-10H
12345678903412342010011520100115          1674016740000000000000000000000000000000                            0000000000000000652     20100115000004000000000                 000000000000000                 00000000000000000000000000000000000000000000000000000000000000000000000000000000000000000000000  0000TC41-10C
