12345678903412342021011520201001          1674016740009337009337000000000000000000           0651     20210115000003000450947                 000000000000000                 000000000000000                 00000000000000000000000000000000000000000000000000000000000000000000000000000000000000000450947730030TC01
12345678903412342021022020210215          1674016740009337009337000000000000000000           0652     20210220000001000000000                 000000000000000                 000000000000000                 00000000000000000000000000000000000000000000000000000000000000000000000000000000000000000000000000000TC02
12345678903412342021031020210308          1674016740009337009337000000000000000000           0655     20210310000000500000000                 000000000000000                 000000000000000                 00000000000000000000000000000000000000000000000000000000000000000000000000000000000000000000000000000TC03
12345678903412342021040120210325          1674016740009337009337000000000000000000           0656     20210401000000700000000                 000000000000000                 000000000000000                 00000000000000000000000000000000000000000000000000000000000000000000000000000000000000000000000000000TC04
12345678903412342021050120210101          1674016740009337009337000000000000000000          10651     20210501000002000294771                 000000000000000                 000000000000000                 00000000000000000000000000000000000000000000000000000000000000000000000000000000000000000294771730020TC05-QIP
98765432103412352020031520200101          3561435614012745012745000000000000000000           0651     20200315000001500274069                 000000000000000                 000000000000000                 00000000000000000000000000000000000000000000000000000000000000000000000000000000000000000274069730015TC06-20
12345678903412342021060120210101          1674016740009337009337000008100000000000           0651     20210601000002500375789                 000000000000000                 000000000000000                 00000000000000000000000000000000001139200014240000000000000000000000000000000000000000000401421740025TC07-SIA
12345678903412342021011520210110          1674016740009337009337000000000000000000           0651     20210115000150000000000                 000000000000000                 000000000000000                 00000000000000000000000000000000000000000000000000000000000000000000000000000000000000000000000100000TC08
12345678903412342021011520210110          1674016740009337009337000000000000000000           0651     202101150000010000000000652     20210115000150000000000                 000000000000000                 00000000000000000000000000000000000000000000000000000000000000000000000000000000000000000000000100000TC08B
12345678903412342005011520050115          6740 6740 010000010000000000000000000000                            0000000000000000652     20050115000000500000000                 000000000000000                 00000000000000000000000000000000000000000000000000000000000000000000000000000000000000000000000200000TC09
12345678903412342021011520210110          1674016740009337009337000000000000000000           0651     20210115000001000190174                 000000000000000                 000000000000000                 00000000000000000000000000000000000000000000000000000000000000000000000000000000000000000190174751000TC10
12345678903412342021011520210110          1674016740009337009337100000000000000000           0651     20210115000000500095087                 000000000000000                 000000000000000                 00000000000000000000000000000000000000000000000000000000000000000000000000000000000000000095087750500TC11
12345678903412342021031520210119          1674016740009337009337000000000000000000           0651     20210315000001000170245                 000000000000000                 000000000000000                 00000000000000000000000000000000000000000000000000000000000000000000000000000000000000000170245750505TC12
12345678903412342021031520210119          1674016740009337009337000008120000000000           0651     20210315000001000170245                 000000000000000                 000000000000000                 00000000000000000000000000000000001139200017088000000000000000000000000000000000000000000198725770505TC13-SIA
12345678903412342021022020210215          1674016740009337009337000000000000000000           0652     20210220000004000000000                 000000000000000                 000000000000000                 00000000000000000000000000000000000000000000000000000000000000000000000000000000000000000000000000000TC14-CHC
12345678903412342021022020210215          1674016740009337009337000000000000000000           0652     20210220000003200000000                 000000000000000                 000000000000000                 00000000000000000000000000000000000000000000000000000000000000000000000000000000000000000000000000000TC15-CH=
12345678903412342021022020210215          1674016740009337009337000000000000000000           0652     20210220000003100000000                 000000000000000                 000000000000000                 00000000000000000000000000000000000000000000000000000000000000000000000000000000000000000000000000000TC16-CH<
12345678903412342021011520210110          1674016740009337009337000000000000000000          10652     20210115000004000000000                 000000000000000                 000000000000000                 00000000000000000000000000000000000000000000000000000000000000000000000000000000000000000000000000000TC17-QCH
12345678903412342021011520210110          1674016740009337009337000000000000000000          10655     20210115000000500000000                 000000000000000                 000000000000000                 00000000000000000000000000000000000000000000000000000000000000000000000000000000000000000000000000000TC18-QIR
12345678903412342021011520210110          1674016740009337009337000000000000000000          10656     20210115000000300000000                 000000000000000                 000000000000000                 00000000000000000000000000000000000000000000000000000000000000000000000000000000000000000000000000000TC19-QGI
12345678903412342021011520210110          1674016740009337009337000008120000000000          10651     20210115000000500093230                 000000000000000                 000000000000000                 00000000000000000000000000000000001117000016755000000000000000000000000000000000000000000121155770500TC20-QSI
12345678903412342021011520210110          1674016740009337009337000020161500000000           0651     20210115000001000190174                 000000000000000                 000000000000000                 00000000000000000000000000000000002278400022784000213600000000000000000000000000000000000257102771000TC21-CAP
12345678903412342021011520210110          1674016740009337009337000008080808080808           0651     20210115000000700133121                 000000000000000                 000000000000000                 00000000000000000000000000000000001139200011392000113920001139200011392000113920001139200212865770700TC22-7DY
12345678903412342021011520201001          1674016740009337009337000000000000000000           0651     202101150000030004509470652     202101150000040000569650655     202101150000005002222710656     2021011500000030030038500000000000000000000000000000000000000000000000000000000000000000000000001030568730030TC23-MLT
12345678903412342014011520140115          1674016740009385009385000000000000000000           0651     20140115000001000149465                 000000000000000                 000000000000000                 00000000000000000000000000000000000000000000000000000000000000000000000000000000000000000149465000000TC24-14
12345678903412342014011520140115          1674016740009385009385000000000000000000          10651     20140115000001000146525                 000000000000000                 000000000000000                 00000000000000000000000000000000000000000000000000000000000000000000000000000000000000000146525000000TC25-14Q
12345678903412342015011520150115          1674016740009535009535000000000000000000          10651     20150115000001000151229                 000000000000000                 000000000000000                 00000000000000000000000000000000000000000000000000000000000000000000000000000000000000000151229000000TC26-15Q
55555555553412362015123120151225          1018010180008000008000000000000000000000           0651     20151231000001000139644                 000000000000000                 000000000000000                 00000000000000000000000000000000000000000000000000000000000000000000000000000000000000000139644000000TC27A
55555555553412362016010120160101          1018010180008000008000000000000000000000           0651     20160101000000500080582                 000000000000000                 000000000000000                 00000000000000000000000000000000000000000000000000000000000000000000000000000000000000000080582750000TC27B
12345678903412342006120120061201          1674016740010369010369000000000000000000           0652     20061201000001000000000                 000000000000000                 000000000000000                 00000000000000000000000000000000000000000000000000000000000000000000000000000000000000000000000000000TC28A
12345678903412342007010120070101          1674016740010369010369000000000000000000           0652     20070101000001000000000                 000000000000000                 000000000000000                 00000000000000000000000000000000000000000000000000000000000000000000000000000000000000000000000000000TC28B
12345678903412342001031520010315          6740 6740 010000010000000000000000000000           0651     20010315000000500050920                 000000000000000                 000000000000000                 00000000000000000000000000000000000000000000000000000000000000000000000000000000000000000050920000000TC29A
12345678903412342001040120010401          6740 6740 010000010000000000000000000000           0651     20010401000000500053465                 000000000000000                 000000000000000                 00000000000000000000000000000000000000000000000000000000000000000000000000000000000000000053465000000TC29B
12345678903412341999011519990115          6740 6740 010000010000000000000000000000           0651     19990115000000500048555                 000000000000000                 000000000000000                 00000000000000000000000000000000000000000000000000000000000000000000000000000000000000000048555000000TC30-98
12345678903412341999111519991115          6740 6740 010000010000000000000000000000           0652     19991115000001000000000                 000000000000000                 000000000000000                 00000000000000000000000000000000000000000000000000000000000000000000000000000000000000000000000000000TC31-99C
12345678903412342003060120030601          6740 6740 010000010000000000000000000000           0655     20030601000000500000000                 000000000000000                 000000000000000                 00000000000000000000000000000000000000000000000000000000000000000000000000000000000000000000000000000TC32-03I
12345678903412342008011520080115          1674016740010191010191000000000000000000           0651     20080115000001000136883                 000000000000000                 000000000000000                 00000000000000000000000000000000000000000000000000000000000000000000000000000000000000000136883000000TC33-08
12345678903412342011100120111001          1674016740009751009751000000000000000000           0656     20111001000000500000000                 000000000000000                 000000000000000                 00000000000000000000000000000000000000000000000000000000000000000000000000000000000000000000000000000TC34-11G
12345678903412342013101520131015          1674016740009385009385000000000000000000           0651     20131015000001000149465                 000000000000000                 000000000000000                 00000000000000000000000000000000000000000000000000000000000000000000000000000000000000000149465000000TC35-13
55555555553412362015101520151015          1018010180008000008000000000000000000000           0651     20151015000001000139644                 000000000000000                 000000000000000                 00000000000000000000000000000000000000000000000000000000000000000000000000000000000000000139644000000TC36-16
12345678903412342010011520100115          1674016740010128010128000000000000000000                            0000000000000000652     20100115000000000000000                 000000000000000                 00000000000000000000000000000000000000000000000000000000000000000000000000000000000000000000000000000TC37-10Z
12345678903412342010011520100115          1674016740010128010128000000000000000000                            0000000000000000652     20100115000001600014417                 000000000000000                 00000000000000000000000000000000000000000000000000000000000000000000000000000000000000000014417000000TC38-10L
12345678903412342010011520100115          1674016740010128010128000000000000000000                            0000000000000000652     20100115000003100014417                 000000000000000                 00000000000000000000000000000000000000000000000000000000000000000000000000000000000000000014417000000TC39-10B
12345678903412342010011520100115          1674016740010128010128000000000000000000                            0000000000000000652     20100115000003200028048                 000000000000000                 00000000000000000000000000000000000000000000000000000000000000000000000000000000000000000028048000000TC40-10H
12345678903412342010011520100115          1674016740010128010128000000000000000000                            0000000000000000652     20100115000004000035060                 000000000000000                 00000000000000000000000000000000000000000000000000000000000000000000000000000000000000000035060000000TC41-10C
